34939300
34671772
34411100
34912541
33577785
33417831
33297754
33211851
33092465
33115867
33073606
32927962
33168034
32430990
32717046
32371892
32284594
32180547
32059776
31971908
31675502
31819800
31477170
30951672
31508207
30580566
30323343
30090932
29983926
30079244
29438982
29136241
28183786
28350385
27789584
27336457
27203685
26481357
26646793
26320941
26834984
26937268
26061753
25706687
25275790
25254103
25580224
25352980
25285206
24908248
25110584
23749961
23733245
23595664
23361564
23280628
23132118
22922872
22981692
22743224
22576176
22096230
20829833
20824171
20508092
20498046
20047655
19893621
19578366
19649250
18984625
18652912
18817533
18651794
18559551
17588266
17947979
